10,10,1,0.44
10,10,2,0.31
10,10,3,0.22
10,10,4,0.14
10,10,5,0.15
10,10,6,0.13
10,10,7,0.12
10,10,8,0.1
10,10,9,0.13
10,10,10,0.14
10,20,1,1.485
10,20,2,1.06
10,20,3,0.94
10,20,4,0.85
10,20,5,0.775
10,20,6,0.78
10,20,7,0.765
10,20,8,0.725
10,20,9,0.76
10,20,10,0.775
10,30,1,3.3366666666666664
10,30,2,2.3033333333333332
10,30,3,1.9366666666666668
10,30,4,1.7966666666666666
10,30,5,1.7133333333333334
10,30,6,1.7333333333333334
10,30,7,1.6
10,30,8,1.6266666666666667
10,30,9,1.63
10,30,10,1.6766666666666667
10,40,1,5.805
10,40,2,5.3525
10,40,3,4.6675
10,40,4,4.395
10,40,5,4.155
10,40,6,3.645
10,40,7,3.5175
10,40,8,3.535
10,40,9,3.5525
10,40,10,3.4325
10,50,1,9.024
10,50,2,8.598
10,50,3,9.99
10,50,4,7.828
10,50,5,6.91
10,50,6,6.308
10,50,7,5.744
10,50,8,5.564
10,50,9,5.104
10,50,10,4.966
10,60,1,13.011666666666667
10,60,2,12.803333333333333
10,60,3,11.808333333333334
10,60,4,12.998333333333333
10,60,5,11.54
10,60,6,9.915
10,60,7,8.858333333333333
10,60,8,7.966666666666667
10,60,9,7.776666666666666
10,60,10,7.243333333333333
10,70,1,16.53857142857143
10,70,2,17.97142857142857
10,70,3,16.922857142857143
10,70,4,17.872857142857143
10,70,5,16.575714285714287
10,70,6,13.884285714285713
10,70,7,12.01
10,70,8,10.32857142857143
10,70,9,10.468571428571428
10,70,10,9.182857142857143
10,80,1,22.21375
10,80,2,22.0375
10,80,3,21.35
10,80,4,24.45375
10,80,5,21.75625
10,80,6,17.8675
10,80,7,15.6
10,80,8,13.9675
10,80,9,12.7275
10,80,10,11.83625
10,90,1,24.66111111111111
10,90,2,21.2
10,90,3,24.09888888888889
10,90,4,28.212222222222223
10,90,5,26.793333333333333
10,90,6,21.64666666666667
10,90,7,18.856666666666666
10,90,8,16.636666666666667
10,90,9,14.825555555555555
10,90,10,13.362222222222222
10,100,1,27.602
10,100,2,27.397
10,100,3,22.311
10,100,4,26.909
10,100,5,32.744
10,100,6,26.691
10,100,7,22.267
10,100,8,19.32
10,100,9,17.092
10,100,10,15.457
